(13,106,25.000000)
(13,276,20.000000)
(0,106,3.000000)
(264,280,7.000000)
(273,281,17.000000)
(105,281,95.000000)
(7,251,1.000000)
(105,265,18.000000)
(264,265,4241.000000)
(280,281,9.000000)
(107,294,3.000000)
(107,264,1.000000)
(258,267,19.000000)
(268,293,8.000000)
(18,293,1.000000)
(293,294,8.000000)
(267,280,12.000000)
(99,280,1.000000)
(267,290,4.000000)
(109,276,7.000000)
(266,268,25.000000)
(13,109,41.000000)
(99,265,28.000000)
(27,276,20.000000)
(13,99,28.000000)
(266,276,43.000000)
(101,265,7.000000)
(99,101,1.000000)
(20,265,3.000000)
(13,264,61.000000)
(264,281,158.000000)
(13,290,116.000000)
(281,294,61.000000)
(0,258,175.000000)
(13,281,76.000000)
(276,281,6.000000)
(276,294,11.000000)
(0,291,1.000000)
(281,285,3.000000)
(20,291,1.000000)
(13,256,13.000000)
(266,294,41.000000)
(82,281,12.000000)
(13,258,50.000000)
(13,56,33.000000)
(18,109,1.000000)
(109,281,6.000000)
(105,264,22.000000)
(264,290,4.000000)
(13,105,27.000000)
(46,265,1.000000)
(281,290,2.000000)
(106,266,1.000000)
(7,109,20.000000)
(267,278,1.000000)
(7,281,18.000000)
(267,294,1.000000)
(258,290,168.000000)
(56,265,3.000000)
(109,294,1.000000)
(20,281,3.000000)
(16,266,1.000000)
(272,273,3.000000)
(267,272,2.000000)
(20,105,1.000000)
(56,105,4.000000)
(13,278,43.000000)
(56,290,5.000000)
(268,288,37.000000)
(106,109,1.000000)
(109,263,1.000000)
(109,288,5.000000)
(109,265,2.000000)
(82,258,2.000000)
(264,294,7.000000)
(272,288,9.000000)
(13,104,87.000000)
(258,294,7.000000)
(82,253,6.000000)
(267,281,3.000000)
(13,251,13.000000)
(106,288,1.000000)
(106,294,2.000000)
(251,281,4.000000)
(13,101,19.000000)
(101,258,6.000000)
(251,294,4.000000)
(263,288,6.000000)
(82,265,7.000000)
(13,265,10.000000)
(101,105,37.000000)
(265,294,2.000000)
(280,290,52.000000)
(0,280,1.000000)
(104,109,1.000000)
(106,251,1.000000)
(20,288,24.000000)
(109,267,3.000000)
(101,278,2.000000)
(32,294,1.000000)
(265,278,6.000000)
(7,258,2.000000)
(104,264,125.000000)
(104,105,3.000000)
(82,104,1.000000)
(20,101,1.000000)
(13,288,5.000000)
(105,285,4.000000)
(20,264,2.000000)
(99,258,7.000000)
(27,106,1.000000)
(264,267,1.000000)
(104,281,8.000000)
(106,265,3.000000)
(266,288,47.000000)
(106,276,9.000000)
(82,107,3.000000)
(107,258,4.000000)
(268,272,12.000000)
(109,258,1.000000)
(107,251,16.000000)
(104,107,12.000000)
(0,288,1.000000)
(264,292,19.000000)
(107,280,2.000000)
(258,280,21.000000)
(267,292,3.000000)
(20,106,2.000000)
(251,280,13.000000)
(99,106,1.000000)
(16,267,2.000000)
(16,280,1.000000)
(281,292,3.000000)
(35,261,2.000000)
(56,107,2.000000)
(107,281,2.000000)
(106,273,30.000000)
(268,276,2.000000)
(258,265,3.000000)
(266,293,22.000000)
(81,264,1.000000)
(101,281,1.000000)
(264,278,1.000000)
(105,292,12.000000)
(99,293,34.000000)
(99,292,5.000000)
(292,293,2.000000)
(105,293,1.000000)
(56,256,2.000000)
(105,251,34.000000)
(99,290,17.000000)
(101,253,1.000000)
(16,253,3.000000)
(19,273,1.000000)
(101,290,1.000000)
(261,266,711.000000)
(7,280,4.000000)
(7,264,9.000000)
(266,292,7.000000)
(7,266,2.000000)
(7,292,1.000000)
(108,266,2.000000)
(7,276,36.000000)
(13,292,1.000000)
(7,82,3.000000)
(56,264,2.000000)
(7,294,22.000000)
(251,292,34.000000)
(35,106,1.000000)
(276,288,7.000000)
(280,294,9.000000)
(7,104,7.000000)
(265,281,4.000000)
(109,273,11.000000)
(109,292,24.000000)
(7,285,3.000000)
(56,104,13.000000)
(2,253,1.000000)
(56,258,2.000000)
(16,105,3.000000)
(81,281,3.000000)
(13,266,1.000000)
(266,272,4.000000)
(108,272,2.000000)
(7,265,3.000000)
(7,293,2.000000)
(7,273,7.000000)
(99,105,28.000000)
(16,293,4.000000)
(104,258,1.000000)
(82,273,2.000000)
(0,82,2.000000)
(108,290,1.000000)
(99,109,84.000000)
(288,290,1.000000)
(108,268,2.000000)
(290,294,11996.000000)
(7,105,2.000000)
(264,266,2235.000000)
(251,265,4.000000)
(258,278,1426.000000)
(82,278,3.000000)
(265,272,832.000000)
(56,292,643.000000)
(16,99,8.000000)
(56,261,118.000000)
(99,264,1.000000)
(104,261,7.000000)
(261,265,3.000000)
(104,292,2.000000)
(261,263,2.000000)
(261,264,2.000000)
(253,268,1.000000)
(253,293,1.000000)
(261,292,6.000000)
(253,285,1.000000)
(109,253,1.000000)
(263,281,1.000000)
(108,281,1.000000)
(261,280,1.000000)
(265,266,1.000000)
(105,261,15.000000)
(108,263,1.000000)
(13,294,2.000000)
(251,257,8.000000)
(258,292,14.000000)
(13,280,5.000000)
(56,257,1.000000)
(272,292,1.000000)
(257,272,15.000000)
(278,294,1.000000)
(16,108,7.000000)
(108,297,14.000000)
(35,99,5.000000)
(276,297,10.000000)
(20,276,2.000000)
(265,273,1.000000)
(2,281,1.000000)
(293,297,44.000000)
(108,293,115.000000)
(258,273,2.000000)
(276,293,1.000000)
(253,290,1.000000)
(20,297,9.000000)
(264,272,2.000000)
(263,297,55.000000)
(263,293,7836.000000)
(109,280,4.000000)
(272,297,1.000000)
(276,290,3.000000)
(251,272,13.000000)
(251,264,1.000000)
(253,278,3.000000)
(105,272,2.000000)
(268,280,3.000000)
(280,293,5.000000)
(108,280,28.000000)
(263,292,344.000000)
(56,280,4.000000)
(265,280,7.000000)
(265,292,5.000000)
(263,280,1.000000)
(0,278,1.000000)
(99,251,1.000000)
(13,268,2.000000)
(35,285,50.000000)
(0,293,2.000000)
(82,292,1.000000)
(292,294,2.000000)
(101,251,1.000000)
(264,293,5.000000)
(256,292,10.000000)
(266,297,4.000000)
(294,297,1.000000)
(263,268,2.000000)
(268,297,1.000000)
(20,293,2.000000)
(273,294,1.000000)
(0,101,32.000000)
(82,290,2.000000)
(265,290,1.000000)
(56,99,1.000000)
(280,285,1.000000)
(280,292,2.000000)
(108,292,3.000000)
(46,104,55.000000)
(104,267,1.000000)
(104,280,1.000000)
(104,293,1.000000)
(108,109,2.000000)
(257,265,3.000000)
(263,285,1.000000)
(268,285,8.000000)
(0,290,1.000000)
(273,290,1.000000)
(16,285,1.000000)
(251,293,1.000000)
(251,261,47.000000)
(13,285,8.000000)
(290,292,10.000000)
(13,254,1.000000)
(32,281,1.000000)
(0,294,2.000000)
(281,293,1.000000)
(256,290,1.000000)
(20,294,1.000000)
(99,294,2.000000)
(7,101,2.000000)
(104,265,1.000000)
(82,99,3.000000)
(0,105,1.000000)
(58,258,4.000000)
(13,269,3.000000)
(285,290,5.000000)
(7,269,1.000000)
(101,294,9.000000)
(101,106,4.000000)
(82,269,2.000000)
(13,273,2.000000)
(105,294,3.000000)
(106,261,1.000000)
